Group,Excellent ratio,Good ratio,Pass ratio,Fail ratio
0,0.22120460719619178,0.3299561500015566,0.25625792080280924,0.19258132199944242
1,0.18562984212100045,0.2648235511739564,0.37598799894452356,0.17355860776051946
2,0.20503247348113315,0.2993378028320211,0.30463626940243393,0.1909934542844119
3,0.24054149827851123,0.2991948948592907,0.3464236395329324,0.11383996732926577
4,0.17940637679967836,0.36742012055776085,0.25560534712261235,0.1975681555199484
5,0.18826976384872204,0.2640219130875623,0.3890803409408528,0.1586279821228629
6,0.19838386906325284,0.29882248384089644,0.34826974455746224,0.15452390253838869
7,0.1710151606544804,0.24863394954996718,0.4368769825356386,0.14347390725991394
8,0.1354875068831664,0.14560269457873792,0.6224653534448036,0.09644444509329203
9,0.16364031296295448,0.26845273036027406,0.38825094798718013,0.17965600868959133
10,0.10562445980331601,0.20052517887183213,0.445286476797639,0.2485638845272129
11,0.15271976673523097,0.2454592302937982,0.42576025244207116,0.1760607505288997
12,0.22962183893851992,0.2552581475049038,0.4586852350825565,0.05643477847401979
13,0.1582574758619529,0.26966248167687845,0.3754679889527963,0.19661205350837238
14,0.34008988088818165,0.3749269272416628,0.21923658014667335,0.0657466117234823
15,0.18905696622411228,0.24860318669103543,0.44649199150453467,0.11584785558031768
16,0.2466244670660228,0.26792735836386633,0.4328844928969062,0.05256368167320471
17,0.16480032256935576,0.22909411550544367,0.4377015600428749,0.16840400188232568
18,0.17121064216430323,0.2018654197757494,0.5611218593158204,0.06580207874412715
19,0.17117445361610908,0.2582405709849582,0.42357697207765993,0.1470080033212729
20,0.1735382635856205,0.32787125525230487,0.3317692018849991,0.16682127927707568
21,0.1781494872599124,0.24472518237508104,0.4464357113930932,0.13068961897191347
22,0.16421333237957803,0.4335909944138401,0.22362486196715248,0.17857081123942956
23,0.1675429110045355,0.24638075241005034,0.4343706641334569,0.15170567245195732
24,0.14038940438195666,0.41552752511964575,0.1469408213504025,0.29714224914799503
25,0.17727840855273239,0.26121175059004803,0.4136677206191984,0.1478421202380212
26,0.32357947870335324,0.39980414980369394,0.2012477251642692,0.07536864632868387
27,0.17760791982438418,0.2638384867379004,0.3816275411453578,0.17692605229235764
28,0.3206820878271305,0.3985604053524564,0.2043091236934891,0.07644838312692402
29,0.18147639038469576,0.25525530967556737,0.4494724094980691,0.11379589044166764
30,0.1882215072640029,0.22377696203536757,0.4702544160928697,0.11774711460775983
31,0.1844487212221664,0.2896199230131266,0.35682288087886804,0.16910847488583877
32,0.08289812314946675,0.10606956167841544,0.7593104299226924,0.051721885249425545
33,0.17725794942498244,0.28470271629875354,0.3887846251765443,0.14925470909971975
34,0.0854569912360351,0.11182492632109424,0.7394819255824587,0.06323615686041185
35,0.1895530532110884,0.2765543334957332,0.3938673176737242,0.14002529561945426
36,0.18655968003412723,0.225726319902424,0.4373833073466227,0.15033069271682623
37,0.1701611361825698,0.25299180233297375,0.4375404875116439,0.13930657397281254
38,0.16400733772325363,0.18390131502623908,0.5670377373335329,0.08505360991697425
39,0.18276883664922697,0.2902549571650151,0.3465455770153712,0.1804306291703866
40,0.3938604471417503,0.2534181978740269,0.3094323205901947,0.04328903439402816
41,0.18007591445238458,0.25988909444491404,0.40843308312569016,0.15160190797701129
42,0.16703368064734192,0.23161700157208145,0.4969078421531901,0.10444147562738657
43,0.16987581262532633,0.24927649351836184,0.4235106254156487,0.1573370684406631
44,0.13808851974865102,0.22204515207708353,0.4195936065909065,0.2202727215833592
45,0.16743653633138122,0.24309218425103643,0.45992840447728794,0.12954287494029457
46,0.16150808848489334,0.14819816991437273,0.6380416611113088,0.05225208048942538
47,0.17358086928882827,0.2703608882726784,0.37759943341543134,0.1784588090230619
48,0.16910209615356644,0.33520165127236695,0.34405921049464505,0.15163704207942177
49,0.14703868869431921,0.270786148077543,0.3693522832204871,0.21282288000765065
50,0.10057402005297451,0.14998115003596027,0.6886822954173165,0.060762534493748806
51,0.19485043450400066,0.2791050803713848,0.3641019684114075,0.1619425167132069
52,0.09485962194628661,0.12903781488697696,0.7277024875984796,0.04840007556825674
53,0.16947767009306053,0.2866181002387874,0.3549864879419244,0.18891774172622763
54,0.14593928351071184,0.16043724636186993,0.6344961202148788,0.05912734991253928
55,0.18152184863870932,0.26403248600262486,0.3738088107436594,0.18063685461500634
56,0.0881883378263685,0.11837424584800094,0.7410405401857862,0.05239687613984449
57,0.207110288992248,0.2542259325504967,0.40715438678249477,0.13150939167476053
58,0.08646469252141294,0.11256774125558631,0.7531643847355431,0.04780318148745781
59,0.18461964193019142,0.2796456194640557,0.3800832834479985,0.15565145515775444
60,0.12189192687884687,0.11483194665593656,0.7259196680292223,0.03735645843599437
61,0.17842277012232718,0.25666085160552077,0.43469290067507016,0.13022347759708197
62,0.12295798340650645,0.23520615955200813,0.36803576794050025,0.2738000891009854
63,0.15530219901513692,0.2331917744385312,0.4872221493396301,0.12428387720670177
64,0.14434089213062368,0.2313569298534545,0.42244838043493455,0.20185379758098712
65,0.16372684970338836,0.26645702873718896,0.36988073379376646,0.19993538776565634
66,0.1713377910537911,0.2616685268383854,0.3730479228432159,0.19394575926460791
67,0.17525793032955014,0.2610265696106834,0.40045423847426753,0.1632612615854989
68,0.26126735672263635,0.30561940469575083,0.31618846474986256,0.11692477383175007
69,0.21626477781865724,0.2665652519566392,0.368686286282923,0.14848368394178052
70,0.1314030791090811,0.4080210887043247,0.1819323737959385,0.2786434583906554
71,0.20088437287768926,0.27180005058056866,0.37888063866823046,0.14843493787351175
72,0.2319674744080685,0.3193784928622569,0.2580665284238171,0.1905875043058575
73,0.17644132347852004,0.2562622249242708,0.4306776036293645,0.13661884796784463
74,0.1268125231350244,0.22371419432496079,0.46025696213926376,0.18921632040075098
75,0.19377457523399919,0.25969480344442253,0.4043845743542384,0.14214604696733987
76,0.11722047473536573,0.355929111076406,0.2343749631549058,0.2924754510333224
77,0.16362539279538596,0.2504205978224797,0.4099600430045392,0.17599396637759515
78,0.1313666556126633,0.22353613401433983,0.5062586893313175,0.1388385210416795
79,0.18393392849164694,0.27731954934078873,0.39197546156508273,0.14677106060248157
80,0.13865639762781323,0.28808187222483106,0.3277046287327483,0.24555710141460715
81,0.14859139858862697,0.24708656520985886,0.4614535596511084,0.14286847655040558
82,0.12411409156337942,0.23365627908048595,0.3642857213940342,0.27794390796210033
83,0.190900400198438,0.2786594938744602,0.3621109398817272,0.1683291660453747
84,0.1370811188354263,0.2412813550527803,0.44319304554493927,0.17844448056685397
85,0.20182050501621793,0.2747857602179337,0.3934476257618462,0.1299461090040022
86,0.20660202740205016,0.33638158544336977,0.32907610483087496,0.12794028232370508
87,0.19122190832340805,0.2527474304470859,0.4112247082209492,0.14480595300855686
88,0.2097181109316082,0.3602339907768781,0.26035418468124744,0.16969371361026614
89,0.20254068379586512,0.27353780448448506,0.40511915341884375,0.11880235830080599
90,0.2556228162734237,0.4085198486641808,0.1783183013607442,0.15753903370165126
91,0.16610634982116315,0.25323271708517453,0.41927152146761626,0.16138941162604595
92,0.16983707030466744,0.299288518879764,0.25875738925769776,0.2721170215578708
93,0.20125254454255714,0.2871184380508385,0.38163214019234926,0.12999687721425507
94,0.22367710527921955,0.23469697293925593,0.3845333965548766,0.15709252522664824
95,0.17987437784728236,0.2742524828558186,0.372920839271258,0.17295230002564113
96,0.17176283325391914,0.3400977807124844,0.2420814718429235,0.2460579141906729
97,0.1668150009089861,0.23312066913285318,0.4552522733723282,0.14481205658583252
98,0.19429060475372179,0.17946384223810402,0.5201301525031572,0.10611540050501723
99,0.1792115277442101,0.274333485055233,0.4177674630748926,0.12868752412566434
100,0.14275506876001182,0.20177435590654952,0.5084424768477971,0.1470280984856416
101,0.19516102533684931,0.2720666342362638,0.3949468764226062,0.13782546400428064
102,0.18380711016697976,0.329612711773144,0.2900437680585852,0.1965364100012911
103,0.1634199298156494,0.26593944919173895,0.40071867322798127,0.16992194776463024
104,0.18030216343366098,0.3419914887521174,0.28326139188394195,0.1944449559302795
105,0.1851560472131158,0.25503592478475806,0.4025567709804578,0.15725125702166826
106,0.09375262736302786,0.1520893890634898,0.678637157807665,0.07552082576581735
107,0.19206272978621455,0.29344080110456405,0.3695619429896363,0.1449345261195852
108,0.2162195150435311,0.31274145300514283,0.33229998449346104,0.13873904745786497
109,0.20530660471486667,0.2852562392836097,0.3801344156107395,0.12930274039078385
110,0.13352191630852114,0.2838822477494373,0.3522555763674942,0.23034025957454748
111,0.1842002191633215,0.2549026511947612,0.4178666673747986,0.14303046226711863
112,0.20765595254488628,0.3021108689644552,0.35790437549759396,0.13232880299306432
113,0.18088170514577492,0.2532889194692063,0.4124490816338827,0.1533802937511361
114,0.20598966882534078,0.37743780002350946,0.2019316797771163,0.21464085137403355
115,0.16956862107302517,0.24849712143746,0.42685140485079087,0.15508285263872398
116,0.0915617465922303,0.11463594969670074,0.7252579707262855,0.068544332984783
117,0.18799334605511292,0.2796067682957363,0.34988893991978126,0.18251094572936943
118,0.08497393801951192,0.10729014236923604,0.7587594435523469,0.048976476058904594
119,0.1863416450055724,0.2784962423986984,0.38600260646270895,0.14915950613302023
