Group,Excellent ratio,Good ratio,Pass ratio,Fail ratio
0,0.23196487019931034,0.32810200002826817,0.25580904812142763,0.184124081650994
1,0.178926825066332,0.2618889557262076,0.3785642979035294,0.18061992130393115
2,0.19346834812388064,0.2981489533120454,0.3204244738998049,0.1879582246642691
3,0.2411739210041284,0.3024915216989827,0.343325839403061,0.1130087178938279
4,0.17305726194656498,0.37526879826563125,0.2568588798013442,0.19481505998645962
5,0.18869088294380754,0.2608209698966639,0.3901385015043678,0.16034964565516074
6,0.19982352515707383,0.3004661203091671,0.34713338231210417,0.1525769722216549
7,0.1680719692419997,0.2499771878989862,0.4352173219232821,0.14673352093573203
8,0.12736431893172984,0.1474434133662382,0.6195854621284966,0.10560680557353513
9,0.15586740717936867,0.27207104063350707,0.38392183847563516,0.18813971371148916
10,0.09726379788917053,0.19132033080003238,0.45571877909267877,0.25569709221811804
11,0.15040435575833846,0.2451750360909038,0.42768576856067375,0.17673483959008382
12,0.22984371779920607,0.25786528413105203,0.46105045186825727,0.05124054620148453
13,0.15730999930378778,0.26663580906816703,0.372162809614882,0.20389138201316315
14,0.34315809656641405,0.3871826583444827,0.21307397733013683,0.05658526775896615
15,0.18897726878082385,0.24899339476959984,0.44691364702666414,0.11511568942291202
16,0.24476588378180122,0.2688022768027292,0.44291864424986493,0.04351319516560454
17,0.15993979573995898,0.22014353067932294,0.44674763236387866,0.17316904121683951
18,0.16823541469443767,0.19035005946045586,0.5803871028163236,0.06102742302878309
19,0.17118294540999593,0.25528720887059236,0.42844476204157067,0.1450850836778409
20,0.16529956459692768,0.33609113459831447,0.33914449916443323,0.1594648016403246
21,0.18427922841820302,0.2396875790156114,0.4511502845010642,0.12488290806512127
22,0.17524764151179645,0.4550806632080641,0.22239264582614088,0.14727904945399847
23,0.16825061161315447,0.2384336451157387,0.44100732668406567,0.15230841658704114
24,0.13919873460552976,0.41786015779872016,0.14413671261098915,0.298804394984761
25,0.1758818422231255,0.25761418738173786,0.4249954557946195,0.1415085146005174
26,0.3250593378593537,0.4098388550611665,0.19498018454028426,0.07012162253919571
27,0.1755579697360513,0.25991593185292666,0.3775347007788046,0.18699139763221745
28,0.3221866945351835,0.4071570479089025,0.19981524898839048,0.07084100856752375
29,0.18082853340201605,0.2530328906410724,0.4630116485885744,0.10312692736833716
30,0.1875061213663691,0.21825840451624295,0.46316241968287186,0.13107305443451617
31,0.18785027984008096,0.28668246150012117,0.35561318801353536,0.16985407064626265
32,0.07527282395886108,0.09107577053280105,0.7708174688101306,0.06283393669820746
33,0.17532267351031247,0.28402666367189633,0.39089798496597694,0.14975267785181434
34,0.07977386108430527,0.10146396976642608,0.7493198773026516,0.0694422918466169
35,0.19056101729516087,0.27614214093250383,0.39209775102966193,0.1411990907426735
36,0.2058644698100964,0.23147949655414599,0.4247920831132177,0.13786395052254002
37,0.16724634645814113,0.2475407465261661,0.44593839235576405,0.13927451465992885
38,0.16393660062295168,0.17930284106711317,0.5582268840386148,0.09853367427132059
39,0.17992639177893185,0.2933865963411304,0.3439761597497666,0.1827108521301713
40,0.4119194662909404,0.24586124674671123,0.3080543178534806,0.0341649691088678
41,0.1804249384609631,0.25172367691997705,0.41557984413642857,0.15227154048263117
42,0.18042637252841812,0.23696586764966313,0.4779771610466673,0.10463059877525162
43,0.17505876661110503,0.24415073032032375,0.4194660091239843,0.16132449394458692
44,0.1430509346240795,0.20371416498768305,0.43020387856871084,0.22303102181952675
45,0.1646433117371179,0.2403533931215614,0.469708904705673,0.1252943904356477
46,0.15170700489519987,0.1335085428140891,0.669738648697342,0.04504580359336877
47,0.17172997061754267,0.261511652004546,0.3813817762398844,0.18537660113802695
48,0.1674161440606835,0.3306385561727881,0.3635797267667107,0.13836557299981764
49,0.14676067268386941,0.26710256443595753,0.36970907488380095,0.21642768799637196
50,0.10065238392534899,0.15011996513690706,0.6828562426210172,0.06637140831672722
51,0.19463585904892267,0.27893397775778345,0.36745268962411176,0.15897747356918207
52,0.09817973045906248,0.1320975783693775,0.719695106598753,0.05002758457280705
53,0.16293241203197265,0.2857307902159303,0.35358489356128087,0.19775190419081587
54,0.15137572299424934,0.15270391790805204,0.6502917707239253,0.04562858837377338
55,0.18061142812005265,0.26516590561780645,0.37008897658679635,0.18413368967534458
56,0.08762695043404158,0.1138968568804016,0.7385176416184209,0.05995855106713591
57,0.20603956353158992,0.25160831473099377,0.4082383045566845,0.13411381718073181
58,0.08380219039308265,0.1016238010258907,0.7674079512007839,0.04716605738024266
59,0.18304415817110248,0.28672843782262575,0.3752681759878566,0.1549592280184152
60,0.1258030508799486,0.10741140359080856,0.7330140712936521,0.03377147423559082
61,0.17949518967515388,0.2583351839013229,0.4376661699457191,0.12450345647780402
62,0.11791733320009955,0.22891570450162302,0.3771497826472832,0.2760171796509944
63,0.15537195149360417,0.23004629994547632,0.4938285150365791,0.12075323352434046
64,0.14825708082465533,0.2252405277124701,0.43280852051817686,0.1936938709446974
65,0.15973480987200708,0.258260935447136,0.3716381423193444,0.21036611236151234
66,0.16896306568802288,0.25900222853724336,0.37747384547308405,0.1945608603016498
67,0.17428196688293432,0.26274074846462175,0.403370569726817,0.15960671492562675
68,0.2488953832887028,0.307844873498965,0.32210402552096157,0.1211557176913708
69,0.2163327389695845,0.2612084563689406,0.3678853338790802,0.1545734707823948
70,0.11938060851625072,0.41100698036310773,0.18855963976943285,0.2810527713512085
71,0.19960630200116378,0.2721487063214553,0.3790312165577953,0.14921377511958578
72,0.23284044447303132,0.3196861669092076,0.24928049718476508,0.19819289143299598
73,0.17966071596316927,0.2560116031660653,0.43064630236188073,0.13368137850888476
74,0.12294397591603985,0.2220432518356043,0.4555787801627991,0.1994339920855568
75,0.1938088076129575,0.26085672245066255,0.412863527925604,0.13247094201077617
76,0.11740620890143674,0.34396925913694143,0.21823915974769484,0.32038537221392693
77,0.1624715035414029,0.24340070221229168,0.41529530042009755,0.17883249382620792
78,0.1295510876642037,0.23627349933040157,0.49570159063243635,0.1384738223729585
79,0.18675186705410343,0.2743378381278419,0.38858927515374425,0.15032101966431052
80,0.12939114040097194,0.2988895539346305,0.33241936621186924,0.2392999394525285
81,0.1486433923159341,0.2511785196598106,0.45945185922407283,0.1407262288001824
82,0.11329474217249809,0.22175427629621536,0.37680420647494794,0.2881467750563386
83,0.19463588049670527,0.27340144091583524,0.36312690115579493,0.16883577743166484
84,0.12532836389303545,0.2501864938771977,0.4493619485534594,0.17512319367630746
85,0.20661141166723837,0.27595632089230226,0.3890757944839671,0.12835647295649225
86,0.18937149385138244,0.33493009895136927,0.3334066890589629,0.14229171813828548
87,0.18652365964919518,0.251060586337288,0.41512383378895007,0.14729192022456672
88,0.20047145120613435,0.3646210227782548,0.2553764512030533,0.17953107481255767
89,0.2008140947999934,0.27657520104879807,0.4038215541666932,0.11878914998451524
90,0.24182168176829474,0.4235556050645633,0.17009132441213753,0.16453138875500467
91,0.16488244568205476,0.25534243581721344,0.41826481078641303,0.16151030771431896
92,0.17277746987923037,0.2976486778677851,0.24066807780965946,0.28890577444332516
93,0.19989962581751666,0.29106808728432043,0.3797499056345703,0.12928238126359246
94,0.2394385633808027,0.23056377302174622,0.3706229479270893,0.1593747156703619
95,0.1761930750568187,0.26784920689890374,0.36915334653053383,0.1868043715137437
96,0.16490551993992641,0.32125179660717357,0.238552900783941,0.2752897826689591
97,0.16950571988451066,0.22554765027990495,0.4582205989680599,0.14672603086752464
98,0.1880238664550139,0.1692674165592982,0.5402598333787854,0.10244888360690259
99,0.17841285008397773,0.2834681774462285,0.41408648831306705,0.12403248415672657
100,0.12123226170102025,0.17215326062845202,0.529916421003743,0.17669805666678431
101,0.19661657637154079,0.2697850454487605,0.3962415208073995,0.13735685737229905
102,0.19431572383379897,0.317603466446084,0.30567960679160605,0.1824012029285108
103,0.15704422389479514,0.2692032552160917,0.4003047135376383,0.17344780735147491
104,0.17749552332730745,0.34727346339362797,0.28769490894810773,0.18753610433095705
105,0.1859509170189985,0.24628979565324258,0.41035182990609137,0.15740745742166773
106,0.08440825840330772,0.13885419684870964,0.7114456151686754,0.06529192957930735
107,0.19624908882959083,0.29368743321927604,0.3703150662981007,0.1397484116530322
108,0.21489446270251197,0.2990148053031165,0.3494646306081225,0.13662610138624898
109,0.20541509359917598,0.2863710475364031,0.38016609936337015,0.12804775950105082
110,0.1315848595821275,0.2768692294043773,0.35100391140021636,0.24054199961327882
111,0.18578479381828628,0.24580370435559826,0.4246800343544445,0.14373146747167104
112,0.196680434007206,0.3062104159090794,0.3584177081642139,0.13869144191950056
113,0.18155575601714627,0.24757935852711707,0.41780913920277896,0.15305574625295748
114,0.22545213116895865,0.37524479171438335,0.1920853703141232,0.20721770680253468
115,0.16858076551831888,0.2459012496358881,0.4299581647977825,0.15555982004801053
116,0.0870962863758862,0.10387404015663046,0.7333060733262508,0.07572360014123271
117,0.19398715515334025,0.27390681320595334,0.35267347364877016,0.17943255799193636
118,0.08135631529828674,0.0956212370938176,0.7696527037676165,0.05336974384027941
119,0.19069658653529908,0.27549573664015925,0.3909316549258498,0.14287602189869195
