Group,Excellent ratio,Good ratio,Pass ratio,Fail ratio
0,0.24457027117464303,0.2968714290289174,0.23429825260136536,0.22426004719507422
1,0.219038288660037,0.23855029692452007,0.34427454292431287,0.19813687149113002
2,0.20413975000664067,0.2507539270304448,0.2908602957528259,0.2542460272100884
3,0.28854229223699684,0.26174202580670536,0.3172985633304263,0.13241711862587155
4,0.2309956123354105,0.31573013295571145,0.22193584645253472,0.23133840825634344
5,0.22005488242078325,0.2266998925895083,0.3546215186066331,0.19862370638307528
6,0.2764006796547602,0.25694319363663987,0.3025636431501627,0.16409248355843736
7,0.21005113665392688,0.2080607320274423,0.39788384963876816,0.1840042816798627
8,0.15143059447011845,0.1360108356246662,0.6042897890798858,0.1082687808253296
9,0.172783425807228,0.23748773200882017,0.36457597894306554,0.22515286324088643
10,0.11722133751354061,0.17285174205175635,0.4315771371151107,0.27834978331959215
11,0.18505329676906737,0.222650764753923,0.38765878178074986,0.20463715669625962
12,0.2691919566418745,0.22536748764249073,0.4309063002844106,0.07453425543122405
13,0.17252673744844105,0.2404275376908232,0.3406740319215762,0.2463716929391595
14,0.3770075231247467,0.3518902380954209,0.20865060816549458,0.06245163061433767
15,0.21257416248160826,0.22863453124809854,0.4204717678260082,0.13831953844428513
16,0.273918076051331,0.24799673063423724,0.4255162345355116,0.05256895877891999
17,0.19258836536323137,0.20609931789619917,0.4045985366674873,0.19671378007308193
18,0.18890172960347879,0.17026842704363915,0.5763276380553429,0.0645022052975391
19,0.1886756094497051,0.2358289127800337,0.40786334348891884,0.16763213428134224
20,0.2089864503451895,0.32676799803870926,0.2874936408340392,0.17675191078206204
21,0.2173894484252935,0.22405601195626942,0.3979909597645973,0.16056357985383982
22,0.19122778528892867,0.40317524458089776,0.21288772707472106,0.1927092430554525
23,0.1829700635132435,0.21129069583395677,0.41282111223226037,0.1929181284205394
24,0.13273436795464355,0.3805857605603781,0.1394391462741727,0.34724072521080557
25,0.21007586468027964,0.24702358924993642,0.38244586808434633,0.1604546779854377
26,0.34520446587516146,0.3833087297635608,0.19220765823772903,0.07927914612354875
27,0.19255915379399377,0.22492657473582764,0.3667101717897605,0.2158040996804181
28,0.3382245475412129,0.3789353031581527,0.2011120327249702,0.08172811657566419
29,0.2096792815225827,0.24127601195239545,0.4130953667464256,0.13594933977859622
30,0.21241812983105607,0.19469351042466027,0.45319617838376053,0.13969218136052308
31,0.20039162218814868,0.26491124888523215,0.3318108492279322,0.20288627969868694
32,0.10701656002153209,0.11772379623709428,0.6939184191003259,0.08134122464104758
33,0.20145713496687329,0.2443460162257329,0.36704883524942267,0.18714801355797128
34,0.12470346051881752,0.135036209436954,0.6473302413232912,0.09293008872093739
35,0.21464395977729242,0.25580035604594287,0.36268968593154227,0.16686599824522244
36,0.22763572176428581,0.20013788205218716,0.3871040303303175,0.18512236585320946
37,0.19736885878351745,0.21837994528633295,0.4106415101395245,0.17360968579062505
38,0.20932349824260746,0.16409852073380685,0.5138188538430866,0.11275912718049934
39,0.2114006886644622,0.2635764698956281,0.3029890810371841,0.2220337604027256
40,0.45331777244914184,0.20534443973184754,0.2980261018905365,0.043311685928474224
41,0.21077553126828122,0.22343802374006183,0.3725482082980067,0.1932382366936501
42,0.1881678058209147,0.19800666966899252,0.4911107305488451,0.12271479396124768
43,0.196675155879957,0.23295312995828651,0.3959251015648801,0.17444661259687624
44,0.15650104537202714,0.20105372910906852,0.39554627572260354,0.24689894979630067
45,0.192787658414247,0.19667214282642462,0.4385117441257618,0.17202845463356628
46,0.1783490566981172,0.11507688002485833,0.6460454947953548,0.060528568481669646
47,0.2083600248529691,0.23089291069339976,0.33992512979305367,0.22082193466057745
48,0.19931924221688557,0.2937480573888355,0.3160450450633118,0.19088765533096708
49,0.1769054329573936,0.2501722109087045,0.33317774823685026,0.23974460789705154
50,0.11251291668497226,0.1298128387751891,0.6691559166344936,0.08851832790534503
51,0.21967649177778598,0.25726893367199644,0.3268491483971465,0.19620542615307116
52,0.113918521742007,0.1102532107624521,0.7061610282323296,0.06966723926321122
53,0.2000150535746061,0.2428989314200213,0.31596298375006987,0.2411230312553028
54,0.17203532487026968,0.13436716529025217,0.613145351651001,0.08045215818847698
55,0.20086383819580825,0.23750708693008132,0.34760204484725166,0.2140270300268588
56,0.11117737504665573,0.10098113246606231,0.7086111977003074,0.07923029478697444
57,0.23972214022362184,0.21843966613596638,0.38129492276290367,0.16054327087750828
58,0.10432521586022253,0.10452395887656073,0.711410643995724,0.07974018126749292
59,0.2089005951896846,0.24525453004539766,0.36805559246672354,0.17778928229819435
60,0.13910589502899853,0.10789367722684651,0.6991849469493904,0.053815480794764864
61,0.20933148266972842,0.22548097264239841,0.39665120800708353,0.16853633668078957
62,0.13503030428244744,0.20879235693640386,0.3491188052896364,0.30705853349151224
63,0.17027404102365004,0.21414969641944598,0.45770985022964417,0.15786641232725995
64,0.1739527359078908,0.2212818384836427,0.35108602661653365,0.25367939899193276
65,0.17529107198039526,0.22607663951524437,0.35929182528706555,0.2393404632172949
66,0.19867530135293682,0.25408290710789777,0.30468002032521097,0.2425617712139545
67,0.23787542684670382,0.23523295202208877,0.3472615431180752,0.1796300780131321
68,0.2651735229621998,0.2781385175203999,0.31628869782107344,0.1403992616963268
69,0.2526776229085163,0.228050000223594,0.33863180918025937,0.18064056768763034
70,0.12927710802701442,0.3617168648424755,0.1767118076838467,0.33229421944666326
71,0.22498353568924073,0.24558721951548065,0.3417551196250899,0.1876741251701886
72,0.24637400813308596,0.2721442326192557,0.2568506335689087,0.22463112567874957
73,0.2035293621817936,0.22353039697729385,0.39033414569354513,0.18260609514736723
74,0.1337110980480393,0.1951038571288973,0.4224610283185094,0.24872401650455409
75,0.21590701078826904,0.22947276076517528,0.3838349867170936,0.17078524172946208
76,0.12670096632521097,0.3328651610405253,0.2088617815404237,0.3315720910938401
77,0.1855702472980191,0.22516161218517047,0.3870944614181689,0.20217367909864156
78,0.14279081743954686,0.19650584416171163,0.4788752430217437,0.18182809537699782
79,0.20716895184361614,0.23746207657225885,0.35370410460164087,0.20166486698248431
80,0.14887553459664277,0.23616094146941566,0.30706660336048275,0.30789692057345885
81,0.17499035930644743,0.20907384312783928,0.44336458326289174,0.1725712143028214
82,0.12648431397764728,0.2100176716226623,0.34589568319976094,0.3176023311999294
83,0.20919708066958376,0.25136430313860403,0.3343657816970407,0.20507283449477154
84,0.17569629594994574,0.19517418530440234,0.42263793393467763,0.2064915848109741
85,0.2272465429592724,0.24699769643358735,0.36464482221200245,0.1611109383951378
86,0.18792354294591213,0.3226137847606414,0.29692332187120246,0.19253935042224415
87,0.20795821660294336,0.22765943178333603,0.3930241913251676,0.17135816028855286
88,0.2222673668206274,0.3147048392374376,0.21406732101618609,0.24896047292574905
89,0.2230075134344264,0.2359920120786069,0.389690418031883,0.1513100564550837
90,0.2522984939426396,0.37500233356661355,0.18947336744488869,0.18322580504585828
91,0.19168907323429885,0.2297263692638932,0.39007517251056384,0.18850938499124414
92,0.18484182465781449,0.2730336681949734,0.23968551681595113,0.30243899033126104
93,0.23113291722413007,0.2531783692922158,0.36862689819030486,0.14706181529334927
94,0.2676231431015648,0.18393305019768924,0.37590203470149697,0.17254177199924903
95,0.2193049518975664,0.2335542541107672,0.3222642263131984,0.22487656767846795
96,0.21366081568557024,0.29439773955964454,0.20687229242977345,0.2850691523250118
97,0.19161426445072574,0.20222825473338,0.42683505712486314,0.17932242369103124
98,0.21132032759748212,0.16834532522381512,0.4999576703189662,0.12037667685973658
99,0.2093996440842561,0.2288345858486941,0.38737630490071523,0.17438946516633458
100,0.14520865247491302,0.1571195636879953,0.49348342865770095,0.20418835517939068
101,0.23190853591578606,0.24678236479439447,0.3545740665691792,0.16673503272064008
102,0.21107664138932802,0.2913101449229252,0.2943798651744755,0.2032333485132713
103,0.1969916670935397,0.2390397007577363,0.35961584456894014,0.2043527875797838
104,0.20914566469001858,0.3098418431153568,0.26912467283189634,0.21188781936272819
105,0.20115263798873592,0.22105923865627472,0.38090582467413947,0.19688229868084994
106,0.10545943274252613,0.12180432647913438,0.6653215439003219,0.10741469687801737
107,0.21859302942624062,0.2647044350187605,0.3405380972115216,0.1761644383434773
108,0.25503832418405514,0.27485766455934635,0.30843760954676125,0.16166640170983718
109,0.24750470207911476,0.26179615575554327,0.3350649951793204,0.15563414698602165
110,0.15062559216922813,0.24982745055361177,0.3257905654039304,0.2737563918732295
111,0.21712625454421242,0.21188114812164105,0.37554183065996144,0.19545076667418504
112,0.24275460824904646,0.27532852899164767,0.3361233118650603,0.1457935508942456
113,0.20037128469006807,0.2362609354922137,0.4005881342175047,0.16277964560021357
114,0.21887351835891558,0.35271514580072255,0.1764015422512496,0.2520097935891124
115,0.1845689729679038,0.23016684753887653,0.4058934351936319,0.1793707442995878
116,0.1270201057053208,0.13717677563059358,0.6425988375152598,0.09320428114882595
117,0.23012714889135177,0.24619065174774069,0.3114132243868087,0.2122689749740988
118,0.13113622758662183,0.14863396902320905,0.6410656336387288,0.07916416975144051
119,0.2425881761190616,0.24663251907922143,0.3470184629653752,0.16376084183634176
