Group,Excellent ratio,Good ratio,Pass ratio,Fail ratio
0,0.21474835659720706,0.30713929031539944,0.27302533742800306,0.20508701565939053
1,0.17648166120075348,0.2282477418898209,0.42310720711135447,0.1721633897980711
2,0.2560937769543703,0.2768374041625176,0.3150507167960559,0.15201810208705624
3,0.24348664131914874,0.27136839919715117,0.38385781952017717,0.10128713996352295
4,0.1732928939124453,0.3593146766369296,0.2734848237627099,0.1939076056879152
5,0.18990889653692153,0.2356010316843946,0.409009368316522,0.1654807034621619
6,0.2083416141607411,0.2716281882639491,0.35970442309495354,0.16032577448035606
7,0.16167103043623698,0.22008876247404108,0.4669008260141584,0.1513393810755635
8,0.11879084557786329,0.1227059876464613,0.666633324509349,0.09186984226632598
9,0.14691256860746005,0.2437795558354498,0.4298186228397151,0.17948925271737518
10,0.09000752449425482,0.18393442456614278,0.4728505063923709,0.2532075445472313
11,0.14999528830403772,0.23884249482057865,0.45917575637825087,0.15198646049713269
12,0.23589269986088177,0.2521717429233416,0.46873576796077254,0.04319978925500422
13,0.15074363645253874,0.2473745800874531,0.40158605207064973,0.20029573138935844
14,0.34163550207976556,0.3944307357212181,0.22750430431726698,0.03642945788174936
15,0.17943157062603704,0.22575561819751688,0.47015150422165264,0.12466130695479331
16,0.2316417870563109,0.28955816356409797,0.4476882483205165,0.0311118010590748
17,0.16209123225244812,0.20689133054629694,0.46924843987762493,0.16176899732362984
18,0.14970830698168283,0.21463190108924446,0.5758045706544856,0.059855221274587214
19,0.16170025243829564,0.23731267032893313,0.4561077532166693,0.14487932401610215
20,0.15496185960973913,0.29050679692787895,0.3688915224395028,0.18563982102287904
21,0.17880080057413608,0.23615170070436586,0.4770500382198887,0.10799746050160947
22,0.1597894495944835,0.43053132115787796,0.25558275180967077,0.15409647743796787
23,0.15931263433746629,0.22336420273747953,0.46357860299249,0.1537445599325642
24,0.14433479961255954,0.4251522477224609,0.15960442715453105,0.2709085255104485
25,0.18361867197501894,0.23959859657668622,0.4461493660027498,0.13063336544554496
26,0.3051215198122624,0.40276489779865055,0.23771294633740486,0.054400636051681876
27,0.17136708135018058,0.23051011329697593,0.4137631958959072,0.1843596094569363
28,0.3081520507870185,0.3822941847608024,0.25126639794981487,0.05828736650236431
29,0.18759697846423556,0.2306773818365549,0.46430597032976245,0.11741966936944698
30,0.1714776637134041,0.197675843242433,0.5231471909790463,0.10769930206511649
31,0.16705945397551947,0.26629376148535827,0.3968397386037642,0.1698070459353581
32,0.0693158364875531,0.08227217722652994,0.806871649156492,0.041540337129424926
33,0.16856068503496308,0.26602555720699395,0.424625170145218,0.14078858761282514
34,0.08542450394088576,0.09590591030185466,0.7611737019834288,0.05749588377383052
35,0.17803807093590066,0.2485847381435363,0.4400651428020608,0.13331204811850228
36,0.16519198822754344,0.20187977185097977,0.49416601494373763,0.13876222497773924
37,0.16231054280276638,0.2334868840462571,0.47420954571534724,0.12999302743562946
38,0.17138611764380915,0.1483096940341372,0.5909902961287571,0.08931389219329645
39,0.18211074240444128,0.2703724570125494,0.3757766207943593,0.17174017978864994
40,0.4130418344416302,0.2285947182539081,0.31476389599007243,0.0435995513143894
41,0.183481993952443,0.25096264436984705,0.4230398925279766,0.1425154691497334
42,0.15999248777137023,0.20844809503436687,0.5297878103868399,0.10177160680742288
43,0.16796538491721155,0.227220150550345,0.45516712338580306,0.14964734114664055
44,0.12757776559020928,0.20300611284187486,0.43761034111416786,0.23180578045374797
45,0.16174296480956746,0.2080678924380846,0.49639195473323633,0.13379718801911156
46,0.12994076939014326,0.11805330204710181,0.7018377998065632,0.05016812875619169
47,0.169301526812888,0.23650180575626836,0.4207005291458659,0.1734961382849778
48,0.15065429845126913,0.3276651523963936,0.3691219536013385,0.15255859555099877
49,0.13724067476071714,0.26020279300478266,0.39369944101481363,0.20885709121968646
50,0.09000069693020932,0.12923242970748353,0.7210149626957049,0.059751910666602404
51,0.19625316932963038,0.2565741683918534,0.3874842293567553,0.159688432921761
52,0.09188117011203889,0.10166176040119743,0.7626397823840833,0.04381728710268021
53,0.15804711458536708,0.25043217885516,0.38777260212516956,0.20374810443430336
54,0.14215160179039196,0.13562066558146044,0.6716870505961643,0.05054068203198342
55,0.17265700988408603,0.2474770774359195,0.3982085181096686,0.18165739457032593
56,0.08006599579397557,0.09036100569085598,0.7814405386338593,0.04813245988130914
57,0.21313565425713232,0.22207724268059525,0.436808200350059,0.12797890271221332
58,0.07612048963967606,0.08477628651291498,0.7945606170627783,0.04454260678463073
59,0.17430173943701416,0.25005237405778363,0.41803028664622255,0.15761559985898
60,0.09710107091717532,0.08856780218111954,0.7840065055722915,0.03032462132941365
61,0.17546372060007745,0.22465954860620518,0.4674898198843692,0.1323869109093481
62,0.11525521636721037,0.23390978715162747,0.3988595935646822,0.2519754029164798
63,0.14679313629194934,0.21783097893852252,0.5238899519528506,0.11148593281667761
64,0.16088843582955764,0.21490333284627394,0.4240363523404739,0.20017187898369454
65,0.1673200432505918,0.24507497191493713,0.40015005467564074,0.18745493015883036
66,0.17247216926912257,0.23184567189202987,0.39496710650720934,0.2007150523316383
67,0.17987791704411432,0.2452461310630561,0.4283304747053902,0.14654547718743938
68,0.2690286889259001,0.25721531928222713,0.338078538732948,0.13567745305892495
69,0.22764973695695948,0.23353045118576238,0.39512137475868736,0.1436984370985909
70,0.12871255291612635,0.34149875664094714,0.20236328205546525,0.32742540838746126
71,0.1984789283690055,0.24920043894676155,0.39723107727406753,0.15508955541016534
72,0.21590138225538194,0.27540130623103193,0.3183997667987111,0.19029754471487506
73,0.17957429037278558,0.2196483680295974,0.4560861127402767,0.14469122885734026
74,0.11947348105720797,0.19997338176327428,0.48041708718073844,0.20013604999877935
75,0.17635523896338745,0.24408803165943568,0.4502828330603758,0.12927389631680117
76,0.10814962843051422,0.3253056642076126,0.27803516987050847,0.2885095374913648
77,0.1496953214389668,0.22152081181982708,0.46089306480192904,0.16789080193927688
78,0.11628519758585867,0.19027156892332492,0.5686240563139756,0.12481917717684068
79,0.17870801837625358,0.25245636857107334,0.4207524839303971,0.14808312912227595
80,0.12710884561765803,0.257695878868282,0.3653113109333859,0.24988396458067413
81,0.13597762489874163,0.22061526860812905,0.49826237286035907,0.14514473363277022
82,0.12493940299609285,0.20535986201458697,0.36711089146911613,0.30258984352020407
83,0.19158817503977466,0.2529458553905716,0.38793748633145,0.16752848323820385
84,0.13183697375731515,0.21128608184095465,0.4673475165850708,0.18952942781665932
85,0.20727425999522786,0.24813020354445617,0.413801967546261,0.13079356891405497
86,0.24917158536679238,0.29889208259394034,0.3152591465878789,0.13667718545138827
87,0.1758167425181565,0.21795784371279014,0.4472471436630832,0.1589782701059701
88,0.23439255613560492,0.3296565609527736,0.26317252926298373,0.17277835364863767
89,0.19831050000405034,0.24621527146621577,0.44239751606454353,0.11307671246519034
90,0.2583925028672345,0.4023712795024446,0.2038972963828202,0.13533892124750072
91,0.15943228576639865,0.23462263274833822,0.44667639001355375,0.1592686914717094
92,0.17987138444110756,0.27125379347538664,0.27912809850478026,0.26974672357872553
93,0.20225943571390623,0.2535804899693121,0.427238825635537,0.11692124868124448
94,0.2159944579808686,0.2018827224214785,0.42954504520280756,0.15257777439484532
95,0.18291526127024832,0.24321888685411902,0.3764762499133872,0.19738960196224575
96,0.17201186501513693,0.29137783164335324,0.2873571578733547,0.24925314546815525
97,0.16231062029631033,0.2129580820880745,0.4678035118039113,0.15692778581170394
98,0.18942703179350961,0.15904549072181365,0.5527628243550339,0.09876465312964287
99,0.17576199140687482,0.26181303534877115,0.4613227641757677,0.10110220906858639
100,0.13095231043781821,0.15894731330275605,0.5138046809482999,0.19629569531112587
101,0.19348134647980444,0.25873608953358457,0.4207408177888458,0.12704174619776526
102,0.16804254426217025,0.2984345002948812,0.3403105548154817,0.19321240062746664
103,0.16336444929144261,0.23776772849820216,0.4244346215918946,0.1744332006184606
104,0.17177428795077046,0.33171770403876677,0.27708042486051854,0.2194275831499442
105,0.16849666129866103,0.23879122407013753,0.4524324326706806,0.1402796819605209
106,0.08930540424774415,0.12677207674003152,0.7165606884090451,0.06736183060317912
107,0.1892188291807362,0.27514233075959493,0.3937058262576141,0.1419330138020548
108,0.2262865617161146,0.28088195551202444,0.3552455407106823,0.13758594206117852
109,0.21771812578518168,0.26443704912010196,0.383725895210059,0.13411892988465748
110,0.14367737664282582,0.2624545879754328,0.36458487956002694,0.22928315582171435
111,0.18539000210016346,0.22606446608161856,0.45158168911668156,0.13696384270153655
112,0.1964600941816382,0.2856824209783662,0.36922447645027445,0.1486330083897213
113,0.1738130757127443,0.22466112471578176,0.45940532070696705,0.1421204788645068
114,0.22179479605241015,0.35460767219085715,0.20571464411893847,0.21788288763779418
115,0.1503683949229987,0.22811332460403752,0.4605218279529913,0.1609964525199723
116,0.09291720070401997,0.10408470249200062,0.731498055012555,0.0715000417914246
117,0.1758773526944925,0.26300458041364827,0.38041659731093036,0.18070146958092898
118,0.073922620183332,0.08652541052889359,0.7998995558137392,0.0396524134740354
119,0.1896080833737109,0.25091609440236173,0.40123489349354535,0.15824092873038192
