Group,Excellent ratio,Good ratio,Pass ratio,Fail ratio
0,0.22250928793799307,0.30839105544172907,0.27834162838372933,0.19075802823654836
1,0.19210411685003997,0.23831133189172168,0.3977133985708133,0.17187115268742514
2,0.24047692207250576,0.2832815393026318,0.3278580488812697,0.1483834897435926
3,0.24783369887355836,0.2730982331098552,0.3751522591563573,0.10391580886022928
4,0.17974056639752461,0.35747125691406395,0.27794573368718434,0.18484244300122715
5,0.19182182736844336,0.23373746400129744,0.40802599519203975,0.16641471343821956
6,0.22923457868121339,0.25620845511560814,0.34932782709831073,0.1652291391048676
7,0.17064396050300484,0.2208322162891789,0.4578910798250515,0.1506327433827649
8,0.12348340578159675,0.12841273659167868,0.6460924998555292,0.10201135777119559
9,0.15604748156644205,0.244472222254049,0.41135637100319494,0.18812392517631416
10,0.08990663746850042,0.18719962048944364,0.44525192847473405,0.27764181356732187
11,0.15080874684431325,0.2332346027014184,0.453324121952911,0.1626325285013574
12,0.23969230518243875,0.25344073163877145,0.45966926751259085,0.04719769566619911
13,0.15905517850659093,0.238785611457,0.39048679117731794,0.21167241885909113
14,0.3323987515255059,0.4196952826315087,0.20689691029998616,0.04100905554299929
15,0.182656378139984,0.22908017509350193,0.4725474256084636,0.11571602115805063
16,0.24387327118682137,0.30779285656067445,0.412664406187244,0.035669466065260405
17,0.1666948147134186,0.21234380948016085,0.46218589980880087,0.15877547599761963
18,0.1579512629394023,0.22204148580979283,0.5612814765498336,0.05872577470097138
19,0.17360609900451401,0.24567800923984243,0.4372805803715228,0.14343531138412063
20,0.1703960512942253,0.311670906539863,0.34934538718370733,0.16858765498220435
21,0.18524821834899666,0.2315603786927442,0.4747461537206209,0.10844524923763846
22,0.18054824750789816,0.43965685150183753,0.25619794363307574,0.12359695735718869
23,0.1584598678869409,0.2263487429932225,0.4614253744572822,0.15376601466255452
24,0.15611388190347064,0.44165712122753,0.15606867243646735,0.2461603244325322
25,0.18796644099646684,0.24117963683625215,0.4354035894207732,0.1354503327465078
26,0.324737351520279,0.4180219233052183,0.19892827180007638,0.058312453374426206
27,0.17852182617514445,0.23631177359259076,0.40355350475250773,0.18161289547975706
28,0.3393734153499456,0.3863883720073645,0.21168323338925646,0.06255497925343341
29,0.19112658278191205,0.22802362845925206,0.4691286833486361,0.11172110541019982
30,0.19741727418769225,0.20092033903992587,0.49297714646705,0.10868524030533205
31,0.1831674436184186,0.26877382540677575,0.38076932232241745,0.1672894086523881
32,0.0757802543243829,0.08211520566563343,0.793287477770648,0.0488170622393356
33,0.18394404875810394,0.25063421257487095,0.42327500972433674,0.1421467289426884
34,0.09018333921899262,0.09711712027772457,0.750675979767308,0.06202356073597461
35,0.19545001742087614,0.25194288149743455,0.4275867329941454,0.12502036808754405
36,0.17267104707301933,0.20887879261874676,0.4742481354638307,0.14420202484440345
37,0.17071391573380587,0.22047960993201385,0.47250452958440436,0.1363019447497759
38,0.16365469218609788,0.1534875300748524,0.5904917925035256,0.09236598523552422
39,0.19820113604573325,0.26622359686825187,0.35791641878482283,0.17765884830119208
40,0.39370779734666994,0.25104715990979415,0.3087097382278337,0.04653530451570217
41,0.19027817557447263,0.24557282516399845,0.41984914784048466,0.1442998514210444
42,0.1762519998850802,0.22886060032614033,0.4906090625743182,0.10427833721446128
43,0.16551353707878197,0.23425082076470707,0.44537815030013334,0.15485749185637765
44,0.14021160279186196,0.20195838009653205,0.4345257038716207,0.22330431323998542
45,0.15980736739168416,0.20871079717855834,0.4917379027492021,0.13974393268055546
46,0.1426060319733734,0.12214858796666697,0.6884945819224295,0.046750798137530206
47,0.17399691161048808,0.2432992594870461,0.39335750008159126,0.18934632882087446
48,0.15891342362245062,0.32178027613443205,0.38218646289008235,0.13711983735303512
49,0.15238870263757703,0.2634029070947698,0.3780432207492307,0.2061651695184224
50,0.08923974766196315,0.12075774036470314,0.7250228361715136,0.06497967580181993
51,0.19310215359132132,0.2543903053515547,0.37410176586200433,0.1784057751951196
52,0.09412628615644655,0.10098524824129215,0.7550918862007339,0.049796579401527694
53,0.15756838716705215,0.2564634981572785,0.3846643573572433,0.20130375731842612
54,0.1538889795518179,0.14064346105129563,0.6592274214917205,0.0462401379051658
55,0.17881152044969684,0.2486609732493446,0.390188948228976,0.18233855807198243
56,0.08345126687016549,0.08915770023460107,0.7728260041946475,0.05456502870058584
57,0.2113086875368756,0.22317103847371514,0.4293545087440937,0.13616576524531568
58,0.08000319537085442,0.09043846650496454,0.778928114904719,0.0506302232194622
59,0.1818964261989171,0.2621864084895815,0.4003431376372848,0.15557402767421655
60,0.11276104270424989,0.1001287137570312,0.7516552351711847,0.0354550083675343
61,0.18651987088037408,0.23170480725546683,0.45707653134331294,0.12469879052084615
62,0.12929045966513392,0.2215828835374466,0.3864954459258433,0.26263121087157626
63,0.14875201625470677,0.21422741936500686,0.5232333066442524,0.11378725773603408
64,0.1501809032996559,0.20698464813442918,0.435787278395019,0.20704717017089572
65,0.1715406628592342,0.2329746301938217,0.40371051624997983,0.19177419069696408
66,0.1681433536127157,0.23860938294364803,0.39247586302312776,0.2007714004205085
67,0.1848883099014129,0.25017858439275675,0.41297239645014616,0.15196070925568425
68,0.25873066906671655,0.27033348437465293,0.3246409790542991,0.14629486750433143
69,0.23722654311900804,0.2312918154996308,0.3904727990927466,0.14100884228861468
70,0.12537009938491547,0.37264813343649517,0.21231105366093941,0.2896707135176502
71,0.20402926599623836,0.2541990323407097,0.39757435272359204,0.14419734893945974
72,0.24084122487439452,0.28677952519734407,0.2951456061874674,0.17723364374079392
73,0.1766680503878912,0.2229099602918495,0.45187554830763427,0.14854644101262504
74,0.12450276645397887,0.20141003186750694,0.4705795958520981,0.20350760582641614
75,0.18653649848170434,0.24775755981239078,0.4314064084783894,0.13429953322751542
76,0.12113706079268192,0.33979295669338255,0.2537748389372146,0.28529514357672087
77,0.15799251789560037,0.22824513507875077,0.4350398257012645,0.17872252132438426
78,0.13015565701277515,0.20035945059557198,0.5378356233207596,0.1316492690708931
79,0.1923207304112521,0.24149997859354425,0.409178771208617,0.1570005197865866
80,0.1257565809333267,0.2697114634501905,0.3681891106512822,0.23634284496520064
81,0.13689911489884682,0.22540416314336365,0.4833912782049832,0.15430544375280644
82,0.11762248317749256,0.21441812062996324,0.3583084379395142,0.30965095825303013
83,0.1822749526031431,0.26287167494268515,0.37266371808320137,0.18218965437097037
84,0.1404205737458818,0.21856273661701736,0.451276889652949,0.1897397999841518
85,0.19680004716998734,0.25722891915350493,0.413546418152366,0.13242461552414173
86,0.2198589687825005,0.3281828949924943,0.3205398323772271,0.1314183038477782
87,0.18070992813690612,0.23870919512497,0.4334707290424041,0.14711014769571965
88,0.23210967944313815,0.33692308189160364,0.2613798333675667,0.1695874052976916
89,0.20073096992655062,0.2509725026990377,0.42956277636031914,0.11873375101409234
90,0.27535065247326734,0.40369119606845905,0.1787754860328252,0.14218266542544825
91,0.16377538514070614,0.24407940447671586,0.4262571483787149,0.1658880620038631
92,0.18896105048585324,0.29376575756802753,0.2610765168714282,0.25619667507469124
93,0.19695483219636814,0.25515725769968617,0.42625327497800397,0.12163463512594178
94,0.22599912951067605,0.1995584775150774,0.41106772055338725,0.1633746724208592
95,0.18008912543371738,0.24948306795398587,0.3710110797632734,0.19941672684902337
96,0.1788949387365143,0.29313499683346245,0.2738540533719164,0.25411601105810694
97,0.16384186691653058,0.21057454389649133,0.46581011277706347,0.15977347640991482
98,0.18242114809118878,0.16980266996879473,0.5473729687595618,0.10040321318045482
99,0.18566725437704526,0.24853573251814987,0.4507535456832674,0.11504346742153734
100,0.14307245516737135,0.16009011674438273,0.5213813438004824,0.17545608428776338
101,0.21106945123841112,0.24921167537166608,0.41176269843147983,0.1279561749584431
102,0.18197090816259068,0.29323933392206164,0.3418441752720009,0.1829455826433468
103,0.17143401870656774,0.2407892026501429,0.4132465982423554,0.17453018040093393
104,0.17498203109240687,0.33111346064990327,0.2801628608272704,0.21374164743041957
105,0.17326961470680455,0.25200415049516517,0.43254541661872264,0.1421808181793077
106,0.08753447776615285,0.12268817066463883,0.7241128244302886,0.06566452713891985
107,0.19091304676889212,0.2798636000900063,0.39084907628157994,0.13837427685952158
108,0.2312057954258945,0.2819350880161121,0.36038480050424515,0.12647431605374815
109,0.21257512835159087,0.2719584644564889,0.38100880088899314,0.13445760630292722
110,0.1361662990153823,0.2691389326403024,0.36461293504858766,0.23008183329572762
111,0.18272814448131464,0.2260566496100449,0.44651380970526566,0.1447013962033747
112,0.1959313381841833,0.28385674594379046,0.3703259349584917,0.14988598091353456
113,0.1878445065785948,0.23399378984788974,0.44099836260784064,0.13716334096567478
114,0.22500246899891663,0.35789432217933514,0.20911838813145253,0.20798482069029567
115,0.1609079647365766,0.21793762555679433,0.4548962712527141,0.16625813845391513
116,0.09324359107462259,0.09909659024873851,0.7262352717104424,0.08142454696619654
117,0.20084128479553148,0.25897875092889433,0.36411463634623753,0.17606532792933666
118,0.08426506084246804,0.09253419517001456,0.776139290107586,0.04706145387993133
119,0.19862659691211298,0.2543728227305209,0.39957189900982704,0.14742868134753892
