Group,Excellent ratio,Good ratio,Pass ratio,Fail ratio
0,0.21205349779336952,0.2956757681353804,0.2945161609670193,0.19775457310423084
1,0.19056682136700176,0.2347488168942283,0.41077103312951047,0.1639133286092595
2,0.22319333525523485,0.26941557251566317,0.33777994263211414,0.16961114959698798
3,0.25583768052890665,0.2610509475337789,0.37705847553937644,0.10605289639793773
4,0.18090212004166717,0.35202345506756144,0.27387518830462243,0.19319923658614907
5,0.18150479229055388,0.23284094344787706,0.4222527625586767,0.1634015017028924
6,0.21866347777216966,0.25402183616927265,0.3536305848013346,0.1736841012572233
7,0.17032096554107795,0.21370125602791315,0.465548322166225,0.15042945626478388
8,0.11931075263412286,0.12530170360131357,0.6561163595135409,0.09927118425102284
9,0.14672157282842044,0.24873275073171122,0.4240817829210096,0.1804638935188585
10,0.09150270285218289,0.1825650559193166,0.47352576515484385,0.2524064760736566
11,0.15055359095244433,0.23467866479149876,0.45232297997626747,0.1624447642797894
12,0.23866238321991837,0.2451108137310862,0.47482618065437054,0.04140062239462475
13,0.1501180368068651,0.24518375539872814,0.39343540795870013,0.21126279983570653
14,0.33843408207618664,0.3921092258526573,0.23084229366615638,0.038614398404999604
15,0.18576086028667074,0.23836767014566904,0.46324714294005764,0.11262432662760233
16,0.24112632541307596,0.29414852149622617,0.43112155105695626,0.03360360203374136
17,0.17142719741888418,0.2076270536542806,0.46734133661567456,0.15360441231116037
18,0.15343515835230093,0.21458728651025788,0.5731914382770182,0.05878611686042276
19,0.1799877323281191,0.24012087340772686,0.44143047090622306,0.1384609233579308
20,0.16093709464509068,0.297813667594151,0.35345774890598475,0.18779148885477348
21,0.17726547432443446,0.23414801444494027,0.4808598409361551,0.10772667029447015
22,0.16834758546503611,0.43574754589839626,0.25267899547911826,0.14322587315744928
23,0.15448804325193347,0.22203131102699833,0.47249324040311413,0.15098740531795415
24,0.1536342532733598,0.4414142891348801,0.16361474000068962,0.2413367175910704
25,0.177724405704196,0.24225383885793542,0.4336357152310101,0.14638604020685833
26,0.3287005813000793,0.39603042633581076,0.21758767014035524,0.057681322223754605
27,0.17581463151554355,0.2327403161095898,0.41384646164838174,0.17759859072648496
28,0.322343286350488,0.3892846782932631,0.22777557118190983,0.060596464174339004
29,0.17954135985263972,0.22715593631149122,0.47575149053723076,0.11755121329863832
30,0.18988494573035997,0.19596010891948346,0.5104472861309408,0.10370765921921582
31,0.1676852052588341,0.2778708763503052,0.3958295030355472,0.1586144153553135
32,0.06769653202679896,0.07787595971670273,0.8126185820887425,0.041808926167755854
33,0.16754999008705776,0.2569591506578259,0.44284170592923316,0.1326491533258832
34,0.0814900546025026,0.08873279811311825,0.7736072601198495,0.05616988716452955
35,0.19365023080896276,0.24538854518236028,0.43497227844316066,0.12598894556551637
36,0.17129407283047812,0.21312406185947566,0.4736470148018463,0.1419348505082
37,0.1660979561413839,0.22991660807674472,0.47526720949439494,0.12871822628747634
38,0.16247543795902128,0.1432028872950039,0.5970950492552817,0.09722662549069332
39,0.1886665651828341,0.27087298070536403,0.3708348613835273,0.1696255927282746
40,0.3952168666690438,0.2317433321792513,0.33052436168194466,0.04251543946976028
41,0.18354371730430116,0.23672928645245117,0.43541433941764424,0.14431265682560337
42,0.1621502497949322,0.20891490101295027,0.5325660761093624,0.09636877308275528
43,0.1609270744707678,0.23062533358673307,0.45290916494318495,0.15553842699931425
44,0.12295801954002457,0.20580125248832193,0.4514307285482303,0.21980999942342308
45,0.15535750849025184,0.20813443634671544,0.5038288963531654,0.1326791588098672
46,0.1302701466499086,0.12137415485211454,0.7010924028620716,0.04726329563590512
47,0.17528176003051482,0.23736540367677927,0.40804626649284687,0.17930656979985923
48,0.13972024837891828,0.32662546872685544,0.37034598642185673,0.1633082964723695
49,0.14856588714315658,0.26940621746047827,0.38117077882797185,0.20085711656839325
50,0.08054102235966287,0.11688750386802602,0.743403694783525,0.059167778988786016
51,0.19602342719426086,0.2573314323897622,0.38547734851497856,0.16116779190099845
52,0.08051111964560352,0.09401118557078413,0.7815648860821512,0.043912808701461054
53,0.1621201590755778,0.25093486367239265,0.39112937389654884,0.19581560335548065
54,0.15130523108475213,0.13741827357993183,0.6610094663248063,0.050267029010509744
55,0.1804276610490646,0.24202128596467098,0.40051841473466554,0.17703263825159885
56,0.0798123551108062,0.08924671380670678,0.781102612496787,0.049838318585699995
57,0.20427672810699274,0.2252924083719017,0.4388201047486328,0.1316107587724729
58,0.07348961515938345,0.08741062087033784,0.7958451037280243,0.043254660242254606
59,0.18624980479200257,0.2567780284457724,0.4126281399700547,0.14434402679217023
60,0.09697901389102306,0.09239384245318234,0.7782033029679423,0.03242384068785195
61,0.17510796154440228,0.22745928186124076,0.4748177463650621,0.12261501022929489
62,0.12491048206560983,0.21743308581945706,0.3982791295518133,0.25937730256311986
63,0.15197234367868886,0.21089244568910234,0.5228586780194278,0.1142765326127809
64,0.15732948445435027,0.217344843153728,0.41845908856702296,0.20686658382489875
65,0.16539206357520225,0.23971456583376252,0.41034420805716015,0.18454916253387527
66,0.16771122203527894,0.23955007081022736,0.40256287173907096,0.19017583541542266
67,0.17872427714525227,0.24560948128972485,0.4283018224751992,0.1473644190898235
68,0.2514193265689587,0.26251252294898075,0.3391950492817173,0.14687310120034325
69,0.22614900020510972,0.23527394179753738,0.3964536560886849,0.14212340190866787
70,0.13418334126512652,0.3463527940006217,0.20154217056038637,0.3179216941738654
71,0.2009950653627559,0.24422823389430845,0.40901940276969334,0.14575729797324216
72,0.23019614219853687,0.28164669801885095,0.304984310774404,0.18317284900820818
73,0.17970005438904177,0.2284018533266143,0.4559877723171119,0.13591031996723227
74,0.12159672816836181,0.19673060798327394,0.48784361831984974,0.1938290455285142
75,0.1903460422155057,0.247659996899518,0.43998054609537574,0.12201341478960077
76,0.1243898831164727,0.3617167524245374,0.2511750001672248,0.26271836429176487
77,0.15879421162434035,0.22661928416638977,0.44656648774718977,0.16802001646208012
78,0.12777985166059574,0.1967698104296099,0.5576800835670185,0.11777025434277588
79,0.18707702212544838,0.24380597640173074,0.41586621931853,0.15325078215429094
80,0.12664376267577127,0.25842242980925134,0.3879762423878008,0.22695756512717666
81,0.13932995678623267,0.22188719660663586,0.49608067604696177,0.14270217056016973
82,0.12803003220238413,0.21203866125513277,0.36783757788063676,0.29209372866184624
83,0.18208318136799978,0.25432658757692506,0.38828898149240304,0.17530124956267193
84,0.1325420820759396,0.2145916076760135,0.45656730545982027,0.1962990047882266
85,0.20015601121860235,0.24926314951247686,0.4144727413796835,0.13610809788923728
86,0.24953210454701275,0.30268843356578207,0.332321346931906,0.1154581149552991
87,0.17595496829299961,0.23029857705574688,0.45269752229766475,0.14104893235358895
88,0.25665701382597644,0.3291738983124782,0.26536306812873883,0.14880601973280638
89,0.18659803815008322,0.2494006254987526,0.4476332089344982,0.11636812741666583
90,0.26738894504919686,0.39518486159093485,0.20413732111100708,0.13328887224886132
91,0.16318811972969563,0.23209569968793997,0.43703696389416685,0.16767921668819738
92,0.18319070446571398,0.2911690222269575,0.2782296612820172,0.24741061202531145
93,0.20053876828981942,0.23979836999049886,0.4422134963402496,0.11744936537943218
94,0.2102453012131685,0.19530996371235582,0.43422639712208666,0.16021833795238913
95,0.1892492699520203,0.24280716767488428,0.3778505867698773,0.19009297560321822
96,0.1749330881133541,0.2928222019919035,0.26594126499593096,0.2663034448988113
97,0.15516073350998846,0.20831711964708086,0.4834798147525797,0.1530423320903511
98,0.1723548893772248,0.1608122642705692,0.5562344138241859,0.11059843252802012
99,0.1838272348395112,0.24764734867518412,0.4542772456109795,0.11424817087432537
100,0.13562752505279457,0.16040144620023233,0.5282219490322722,0.17574907971470097
101,0.19728404928015736,0.25316584437572764,0.42240981802758015,0.12714028831653484
102,0.16627399154862374,0.29112761481616717,0.3553933663253436,0.18720502730986552
103,0.17097430656433,0.23155771748038556,0.42804541296691445,0.16942256298837
104,0.1848582751819249,0.3206102276157175,0.291582220761889,0.20294927644046865
105,0.16697735839019823,0.24642943051256463,0.44149671758593234,0.14509649351130474
106,0.0828139077244645,0.12557374631331558,0.7316662275569638,0.05994611840525619
107,0.19202037679815334,0.2737525206889325,0.39864025007618337,0.1355868524367308
108,0.23566800171072333,0.2696251159636514,0.3621694525497856,0.13253742977583954
109,0.2126928008448029,0.25898568674391625,0.3898781574718212,0.13844335493945953
110,0.14320153994552423,0.2521596569413691,0.362084272002541,0.24255453111056563
111,0.1736688491357478,0.22901373209947692,0.4452921786689169,0.1520252400958583
112,0.19406482864394822,0.26499358570807785,0.3812500818458702,0.1596915038021037
113,0.17642106686830053,0.23086013349239046,0.4521889565591726,0.14052984308013644
114,0.21552217399286444,0.35144409925682274,0.2176254398412482,0.2154082869090644
115,0.15126610013364591,0.2269001620280697,0.4514584021769638,0.17037533566132063
116,0.08916088516331758,0.10315280535226198,0.734837090247981,0.0728492192364393
117,0.19062786866312303,0.26375422176696417,0.38256034698309727,0.1630575625868155
118,0.07433706787920287,0.08536462503343496,0.7969489976911719,0.04334930939619053
119,0.19407557232286987,0.2590225352854339,0.39448193466471887,0.1524199577269774
