Group,Excellent ratio,Good ratio,Pass ratio,Fail ratio
0,0.22391540486809935,0.28966540917696226,0.2750429397949461,0.21137624615999226
1,0.1987906704393246,0.23333821584021636,0.3900125921434683,0.17785852157699078
2,0.2203336534521475,0.2641679174910735,0.3152796960747396,0.20021873298203952
3,0.2650574779222799,0.2591532395544003,0.3577241295891409,0.11806515293417891
4,0.1899175525371711,0.3399086642133808,0.26297188714560793,0.20720189610384024
5,0.19167924382936485,0.22961281876324421,0.4014093979427929,0.17729853946459806
6,0.2257477723909201,0.2564676788353743,0.34093132157977246,0.17685322719393323
7,0.17921472691426474,0.21367304535830306,0.4458922694766855,0.16121995825074684
8,0.1344089205513881,0.12839360867758784,0.6365673460733671,0.10063012469765703
9,0.15721546295947111,0.24204750419596735,0.4088288128459725,0.19190821999858904
10,0.09863689663748669,0.17815989147757705,0.4578023538807983,0.26540085800413793
11,0.15900853005975615,0.22705003823630368,0.4341664290064938,0.17977500269744637
12,0.2508588989069845,0.23664751656280125,0.4612915047950294,0.05120207973518492
13,0.1581590598508616,0.24342496279333228,0.37630176696643314,0.22211421038937307
14,0.35452247356662187,0.37170886885573073,0.22494342595373698,0.048825231623910545
15,0.19521735355710013,0.2342151792393092,0.4496744917438316,0.12089297545975909
16,0.2576847494289658,0.2763226701473454,0.42456946800512513,0.04142311241856358
17,0.17982900251695502,0.20726064892309787,0.4453281181843728,0.16758223037557432
18,0.16889785325331044,0.2060296852639987,0.561347742191255,0.06372471929143578
19,0.18488796033099295,0.2364801371391375,0.4280647766063202,0.15056712592354943
20,0.17370090177310465,0.3027149333191851,0.3346231280198264,0.18896103688788374
21,0.1884004112621952,0.23017854028841367,0.45483579783509764,0.1265852506142935
22,0.17110848954690708,0.41784628161827525,0.23664307390007708,0.17440215493474068
23,0.16516480733243938,0.21835100871258356,0.45102190336565107,0.16546228058932597
24,0.1486290471350215,0.41861156978674485,0.15522108724162034,0.2775382958366133
25,0.18709113167832334,0.24234992908281625,0.4145290596909257,0.15602987954793482
26,0.33779817460932016,0.3845202730373291,0.21061525625324903,0.06706629610010179
27,0.18161056749442542,0.23140731341216325,0.39870916165153314,0.18827295744187816
28,0.3352401447939701,0.37735090837748003,0.21852565738593765,0.06888328944261242
29,0.19005375603390764,0.22679640727592792,0.45337767341808644,0.12977216327207794
30,0.19554569021257542,0.19594708768169655,0.4909670018529085,0.11754022025281956
31,0.17982959014075328,0.2703089646916191,0.3752677091415341,0.17459373602609346
32,0.08099757719969625,0.08891269043046228,0.7762794173879508,0.053810314981890664
33,0.17659101704654362,0.2525344948243937,0.4212793233433311,0.14959516478573148
34,0.09138023083336098,0.09867760825627274,0.7431033105602481,0.06683885035011815
35,0.2009216183546076,0.24366302931207787,0.41356857410999504,0.1418467782233196
36,0.17837243708697484,0.20875920692884606,0.45304854066382894,0.15981981532035025
37,0.177062956036784,0.2249061525713905,0.45317909756493063,0.14485179382689492
38,0.1729062825766068,0.1517922613807021,0.5738224908536369,0.10147896518905408
39,0.19805667520155215,0.26481588974737985,0.35132562460428424,0.18580181044678373
40,0.402856692849348,0.2345371992182156,0.315406436866962,0.04719967106547446
41,0.19085592698622977,0.2323534466002552,0.41777624995718404,0.15901437645633107
42,0.16833034004368724,0.20294586898837336,0.523474794752334,0.10524899621560539
43,0.1718614314742299,0.22985764845623974,0.43568778934677427,0.16259313072275616
44,0.13309216957498593,0.20344526131295396,0.4296221775637838,0.23384039154827624
45,0.168128186798826,0.2062881938640567,0.4812081035730788,0.14437551576403856
46,0.14672382091958047,0.1244708173598188,0.6749958798542323,0.053809481866368414
47,0.183565478066644,0.2335170500085355,0.38819440970607527,0.19472306221874514
48,0.15525145820754738,0.31745127074606266,0.352794514121982,0.17450275692440792
49,0.15530668238103773,0.26299281364396904,0.3676335392757843,0.21406696469920888
50,0.09229904929323583,0.11888532145683636,0.7197243595714571,0.06909126967847064
51,0.20533250861272231,0.2510286231630047,0.36779424843252473,0.17584461979174826
52,0.08737889672024524,0.09789142664009191,0.7607270810845295,0.05400259555513343
53,0.1743770061168811,0.2471598804316141,0.36713580532532764,0.2113273081261772
54,0.16021790310614026,0.14026759047989878,0.635558536827709,0.06395596958625206
55,0.18859532476753132,0.23737442206054418,0.38431212693226646,0.18971812623965795
56,0.08699933945446817,0.09150222310358604,0.7613432337017966,0.060155203740149245
57,0.21492844084808416,0.22439705069468088,0.4184867869853788,0.14218772147185624
58,0.08111655602309095,0.08949934239855303,0.7753056419544787,0.05407845962387734
59,0.19358557947457658,0.25174739309074146,0.39587226317028745,0.15879476426439454
60,0.1104745785211997,0.09629861214185906,0.75367909626641,0.03954771307053115
61,0.18481970219232965,0.2255268884071565,0.4526125856807923,0.1370408237197215
62,0.13190439003095814,0.2167945518414597,0.37803213263559265,0.2732689254919895
63,0.15892963992605585,0.20969241432995586,0.5012825225721874,0.13009542317180092
64,0.16212581900063713,0.2126528816705172,0.398824890477135,0.22639640885171058
65,0.16980247226689965,0.23546367047349964,0.392126490214216,0.20260736704538476
66,0.17652460962077976,0.24332598704249528,0.3754006707619669,0.20474873257475795
67,0.19108397424310128,0.2412162532808184,0.40529973821620646,0.16240003425987384
68,0.2624304557245548,0.26784612486799075,0.3285756255048244,0.14114779390263016
69,0.2336525988582158,0.23369025009325006,0.3767244725218991,0.1559326785266351
70,0.1404205932739365,0.3477577699340359,0.1901749976648913,0.3216466391271363
71,0.20860908580741983,0.24304555636967157,0.38812351263287304,0.1602218451900356
72,0.23179354190796372,0.27489746338655213,0.2883011712881839,0.20500782341730042
73,0.18650500335170764,0.22588469882558201,0.43949539031143625,0.14811490751127418
74,0.12547576753611214,0.19882581682288858,0.47316886825927085,0.20252954738172843
75,0.19763309493843795,0.24122550715767987,0.420161231979363,0.14098016592451915
76,0.1275028656571673,0.34903453425999353,0.24342518528335272,0.2800374147994865
77,0.16537926577448597,0.22509229314878895,0.42574508031930847,0.18378336075741672
78,0.13454668263953373,0.1983249832438745,0.5302637769634666,0.13686455715312526
79,0.19353595158887552,0.24084993759654413,0.3993756977634577,0.1662384130511226
80,0.13622827546973537,0.25478289424342737,0.35933980415242733,0.24964902613440992
81,0.14992805026515443,0.2169204434341712,0.4778659909435389,0.15528551535713553
82,0.13132768529584035,0.20906049155358886,0.357524140971641,0.30208768217892973
83,0.19060386002360957,0.2515532175050196,0.37264738600738584,0.185195536463985
84,0.14304879783995914,0.21450448059196076,0.4423229919114732,0.20012372965660707
85,0.20700529676667243,0.24533543142720715,0.40007198464899446,0.14758728715712602
86,0.2395113810223979,0.3039841942992984,0.3187905616147066,0.13771386306359715
87,0.18729056630324087,0.22848439886376232,0.4338583089371165,0.15036672589588018
88,0.25016657544100646,0.32383501341045146,0.25163631400388137,0.1743620971446608
89,0.19957687857356654,0.2447608757196928,0.429045864657293,0.12661638104944756
90,0.27224506152571903,0.38411235819914397,0.19544980626117398,0.14819277401396308
91,0.17379346042455385,0.22765030046055862,0.42127687760302457,0.1772793615118629
92,0.18479661352626853,0.28623539429174544,0.2682469019677238,0.2607210902142623
93,0.20786636777480283,0.24183131617325904,0.4188610239150203,0.13144129213691796
94,0.22431875701000747,0.19369435522866327,0.41272019522504755,0.1692666925362816
95,0.19670091559305328,0.24027632087553813,0.3631523749459694,0.19987038858543926
96,0.18538329112692137,0.294140086270203,0.24843983594713046,0.2720367866557452
97,0.16518783353054603,0.20677675668037107,0.4655819538196692,0.1624534559694138
98,0.18575540049837008,0.16691447147374944,0.5297186480035864,0.11761148002429411
99,0.1914176634515371,0.24193774072934854,0.4318279310184866,0.13481666480062782
100,0.1394121662228667,0.1618009270306579,0.5145476407623732,0.18423926598410206
101,0.20759497004715272,0.24708165872795101,0.400750770833592,0.1445726003913043
102,0.17856701346872386,0.29113560824942575,0.3291988002563507,0.20109857802549969
103,0.17946759656709355,0.2318332466091192,0.4075280136981106,0.18117114312567678
104,0.19321367167124587,0.3141141866951286,0.28552020779031334,0.2071519338433121
105,0.17774887999717487,0.2385148673973284,0.4189101662901785,0.16482608631531817
106,0.08974878355172058,0.1271920879033533,0.7089076239243737,0.07415150462055244
107,0.20056912677313046,0.2690502465397206,0.38040636346421647,0.14997426322293256
108,0.23630439525822292,0.2727230612731985,0.3457432128354632,0.14522933063311538
109,0.2237613687919206,0.2569572166668901,0.3742639527862475,0.14501746175494185
110,0.14500123410093455,0.2541036920737663,0.3498120950360083,0.2510829787892908
111,0.18688270312361538,0.22491652607161566,0.42264499143669293,0.16555577936807592
112,0.20593088904983198,0.266806410317649,0.3668809994317348,0.16038170120078435
113,0.1847199331192017,0.2302644642088964,0.4325029070473379,0.15251269562456396
114,0.21618287434726435,0.3450448332353785,0.2058027058913516,0.2329695865260056
115,0.16267410001033356,0.22654434887269176,0.43484303889129144,0.17593851222568327
116,0.10082630968225419,0.11381413488695284,0.7087517754590222,0.07660777997177072
117,0.1992071011920167,0.2551223260949201,0.36114005237978125,0.18453052033328202
118,0.08897958010114454,0.10225664516340013,0.7553216420856455,0.05344213264980996
119,0.2021270779675093,0.2519175260243649,0.38165712841668864,0.16429826759143715
